0.000	0.000	0.000
0.035	0.000	0.000
0.071	0.000	0.000
0.106	0.000	0.000
0.142	0.000	0.000
0.177	0.000	0.000
0.213	0.000	0.000
0.248	0.000	0.000
0.284	0.000	0.000
0.319	0.000	0.000
0.354	0.000	0.000
0.389	0.000	0.000
0.424	0.000	0.000
0.459	0.000	0.000
0.494	0.000	0.000
0.529	0.000	0.000
0.564	0.000	0.000
0.599	0.000	0.000
0.634	0.000	0.000
0.670	0.000	0.000
0.705	0.000	0.000
0.740	0.000	0.000
0.775	0.000	0.000
0.810	0.000	0.000
0.845	0.000	0.000
0.881	0.000	0.000
0.916	0.000	0.000
0.951	0.000	0.000
0.986	0.000	0.000
1.021	0.000	0.000
1.056	0.000	0.000
2.322	0.000	0.000
2.358	0.000	0.000
2.393	0.000	0.000
2.428	0.000	0.000
2.463	0.000	0.000
2.498	0.000	0.000
2.533	0.000	0.000
2.568	0.000	0.000
2.603	0.000	0.000
2.639	0.000	0.000
2.674	0.000	0.000
2.709	0.000	0.000
2.745	0.000	0.000
2.780	0.000	0.000
2.815	0.000	0.000
2.850	0.000	0.000
2.885	0.000	0.000
2.920	0.000	0.000
2.955	0.000	0.000
2.991	0.000	0.000
3.026	0.000	0.000
3.061	0.000	0.000
3.096	0.000	0.000
3.132	0.000	0.000
3.167	0.000	0.000
3.202	0.000	0.000
3.237	0.000	0.000
3.273	0.000	0.000
3.308	0.000	0.000
3.343	0.000	0.000
3.378	0.000	0.000
3.413	0.000	0.000
3.448	0.000	0.000
3.483	0.000	0.000
3.518	0.000	0.000
3.553	0.000	0.000
3.589	0.000	0.000
3.624	0.000	0.000
3.659	0.000	0.000
3.694	0.000	0.000
3.729	0.000	0.000
3.764	0.000	0.000
3.799	0.000	0.000
3.834	0.000	0.000
3.870	0.000	0.000
3.905	0.000	0.000
3.940	0.000	0.000
3.975	0.000	0.000
4.010	0.000	0.000
4.046	0.000	0.000
4.081	0.000	0.000
4.117	0.000	0.000
4.153	0.000	0.000
4.188	0.000	0.000
4.223	0.000	0.000
4.258	0.000	0.000
4.295	0.000	0.000
4.331	0.000	0.000
4.367	0.000	0.000
4.403	0.000	0.000
4.438	0.000	0.000
4.474	0.000	0.000
4.509	0.000	0.000
4.544	0.000	0.000
4.579	0.000	0.000
4.614	0.000	0.000
4.650	0.000	0.000
4.685	0.000	0.000
4.721	0.000	0.000
4.756	0.000	0.000
4.791	0.000	0.000
4.826	0.000	0.000
4.861	0.000	0.000
4.897	0.000	0.000
4.932	0.000	0.000
4.967	0.000	0.000
5.003	0.000	0.000
5.040	0.000	0.000
5.075	0.000	0.000
5.111	0.000	0.000
5.146	0.000	0.000
5.182	0.000	0.000
5.217	0.000	0.000
5.252	0.000	0.000
5.288	0.000	0.000
5.323	0.000	0.000
5.358	0.000	0.000
5.393	0.000	0.000
5.428	0.000	0.000
5.463	0.000	0.000
5.498	0.000	0.000
5.533	0.000	0.000
5.569	0.000	0.000
5.604	0.000	0.000
5.639	0.000	0.000
5.674	0.000	0.000
5.709	0.000	0.000
5.744	0.000	0.000
5.780	0.000	0.000
5.815	0.000	0.000
5.850	0.000	0.000
5.885	0.000	0.000
5.921	0.000	0.000
5.956	0.000	0.000
5.991	0.000	0.000
6.026	0.000	0.000
6.062	0.000	0.000
6.097	0.000	0.000
6.133	0.000	0.000
6.168	0.000	0.000
6.203	0.000	0.000
6.238	0.000	0.000
6.273	0.000	0.000
6.308	0.000	0.000
6.343	0.000	0.000
6.378	0.000	0.000
6.414	0.000	0.000
6.449	0.000	0.000
6.484	0.000	0.000
6.519	0.000	0.000
6.555	0.000	0.000
6.591	0.000	0.000
6.627	0.000	0.000
6.662	0.000	0.000
6.698	0.000	0.000
6.734	0.000	0.000
6.769	0.000	0.000
6.805	0.000	0.000
6.840	0.000	0.000
6.875	0.000	0.000
6.910	0.000	0.000
6.945	0.000	0.000
6.981	0.000	0.000
7.017	0.000	0.000
7.052	0.000	0.000
7.087	0.000	0.000
7.122	0.000	0.000
7.158	0.000	0.000
7.193	0.000	0.000
7.228	0.000	0.000
7.263	0.000	0.000
7.298	0.000	0.000
7.333	-1.000	0.000
7.368	-1.000	0.000
7.403	-1.000	-0.045
7.438	-1.000	-0.137
7.473	-1.000	-0.232
7.508	-1.000	-0.320
7.543	-1.000	-0.401
7.578	-1.000	-0.475
7.613	-1.000	-0.539
7.648	-1.000	-0.591
7.683	-1.000	-0.641
7.718	-1.000	-0.682
7.753	-1.000	-0.718
7.789	-1.000	-0.748
7.825	-1.000	-0.773
7.860	-1.000	-0.799
7.895	-1.000	-0.821
7.930	-1.000	-0.836
7.966	-1.000	-0.855
8.001	-1.000	-0.867
8.036	-1.000	-0.884
8.072	-1.000	-0.893
8.107	-1.000	-0.905
8.143	-1.000	-0.914
8.178	-1.000	-0.920
8.213	-1.000	-0.928
8.248	-1.000	-0.935
8.283	-1.000	-0.942
8.318	-1.000	-0.946
8.353	-1.000	-0.953
8.388	-1.000	-0.954
8.423	-1.000	-0.959
8.458	-1.000	-0.965
8.494	-1.000	-0.967
8.529	-1.000	-0.971
8.565	-1.000	-0.973
8.602	-1.000	-0.973
8.637	-1.000	-0.975
8.672	-1.000	-0.981
8.707	-1.000	-0.979
8.742	-1.000	-0.982
8.777	-1.000	-0.984
8.812	-1.000	-0.987
8.847	-1.000	-0.987
8.882	-1.000	-0.989
8.917	-1.000	-0.990
8.952	-1.000	-0.991
8.987	-1.000	-0.988
9.023	-1.000	-0.989
9.058	-1.000	-0.993
9.093	-1.000	-0.995
9.129	-1.000	-0.995
9.164	-1.000	-0.992
9.200	-1.000	-0.996
9.235	-1.000	-0.993
9.271	-1.000	-0.995
9.306	-1.000	-0.997
9.341	-1.000	-0.998
9.376	-1.000	-0.998
9.411	-1.000	-0.995
9.446	-1.000	-0.998
9.481	-1.000	-0.995
9.517	-1.000	-0.995
9.552	-1.000	-0.998
9.587	-1.000	-0.999
9.622	-1.000	-0.996
9.657	-1.000	-0.999
9.693	-1.000	-0.999
9.728	-1.000	-0.998
9.763	-1.000	-0.999
9.798	-1.000	-0.999
9.834	-1.000	-1.000
9.869	-1.000	-1.001
9.904	-1.000	-0.998
9.940	-1.000	-0.998
9.975	-1.000	-0.999
10.010	-1.000	-1.000
10.045	-1.000	-1.007
10.080	-1.000	-1.019
10.115	-1.000	-1.031
10.150	-1.000	-1.039
10.185	-1.000	-1.044
10.220	-1.000	-1.048
10.255	-1.000	-1.050
10.291	-1.000	-1.053
10.326	-1.000	-1.054
10.362	-1.000	-1.053
10.397	-1.000	-1.052
10.433	-1.000	-1.047
10.469	-1.000	-1.042
10.504	-1.000	-1.043
10.539	-1.000	-1.040
10.574	-1.000	-1.037
10.610	-1.000	-1.035
10.645	-1.000	-1.032
10.680	-1.000	-1.031
10.715	-1.000	-1.027
10.750	-1.000	-1.025
10.785	-1.000	-1.022
10.820	-1.000	-1.016
10.855	-1.000	-1.016
10.890	-1.000	-1.014
10.925	-1.000	-1.012
10.960	-1.000	-1.008
10.995	-1.000	-1.012
11.031	-1.000	-1.012
11.066	-1.000	-1.011
11.101	-1.000	-1.011
11.136	-1.000	-1.012
11.171	-1.000	-1.008
11.206	-1.000	-1.010
11.241	-1.000	-1.009
11.276	-1.000	-1.010
11.312	-1.000	-1.008
11.347	-1.000	-1.007
11.382	-1.000	-1.008
11.418	-1.000	-1.007
11.453	-1.000	-1.007
11.489	-1.000	-1.005
11.524	-1.000	-1.005
11.559	-1.000	-1.003
11.594	-1.000	-1.003
11.629	-1.000	-1.000
11.664	-1.000	-1.003
11.699	-1.000	-1.002
11.734	-1.000	-1.002
11.769	-1.000	-1.003
11.804	-1.000	-1.002
11.839	-1.000	-0.999
11.874	-1.000	-1.000
11.910	-1.000	-1.001
11.945	-1.000	-1.003
11.982	-1.000	-1.003
12.017	-1.000	-0.999
12.052	-1.000	-1.001
12.087	-1.000	-0.999
12.122	-1.000	-1.000
12.157	-1.000	-1.001
12.192	-1.000	-1.003
12.227	-1.000	-1.001
12.262	-1.000	-1.001
12.297	-1.000	-1.000
12.332	-1.000	-1.001
12.367	-1.000	-1.002
12.402	-1.000	-1.002
12.437	-1.000	-1.002
12.472	-1.000	-1.001
12.507	-1.000	-1.001
12.542	-1.000	-1.001
12.577	-1.000	-1.001
12.612	-1.000	-1.001
12.648	-1.000	-0.998
12.683	-1.000	-1.002
12.718	-1.000	-0.998
12.753	-1.000	-1.000
12.788	-1.000	-1.000
12.823	-1.000	-0.997
12.859	-1.000	-0.998
12.894	-1.000	-1.000
12.929	-1.000	-1.000
12.964	-1.000	-0.998
12.999	-1.000	-0.998
13.034	-1.000	-0.999
13.070	-1.000	-1.000
13.105	-1.000	-1.001
13.140	-1.000	-1.002
13.175	-1.000	-1.002
13.210	-1.000	-1.000
13.245	-1.000	-1.002
13.280	-1.000	-1.002
13.315	-1.000	-1.002
13.350	-1.000	-1.001
13.385	-1.000	-1.001
13.421	-1.000	-0.999
13.456	-1.000	-1.001
13.491	-1.000	-0.998
13.526	-1.000	-1.001
13.561	-1.000	-1.001
13.597	-1.000	-1.001
13.633	-1.000	-0.998
13.668	-1.000	-0.997
13.703	-1.000	-1.002
13.738	-1.000	-0.998
13.773	-1.000	-1.000
13.808	-1.000	-1.000
13.843	-1.000	-1.000
13.878	-1.000	-1.002
13.913	-1.000	-1.002
13.948	-1.000	-1.003
13.983	-1.000	-1.000
14.018	-1.000	-1.003
14.053	-1.000	-1.002
14.088	-1.000	-1.001
14.123	-1.000	-1.000
14.160	-1.000	-0.999
14.195	-1.000	-0.994
14.230	-1.000	-0.995
14.266	-1.000	-0.997
14.302	-1.000	-0.996
14.337	-1.000	-1.000
14.373	-1.000	-1.001
14.409	-1.000	-0.998
