0.000	0.000	0.000
0.035	0.000	0.000
0.071	0.000	0.000
0.106	0.000	0.000
0.141	0.000	0.000
0.176	0.000	0.000
0.211	0.000	0.000
0.246	0.000	0.000
0.282	0.000	0.000
0.317	0.000	0.000
0.352	0.000	0.000
0.388	0.000	0.000
0.423	0.000	0.000
0.458	0.000	0.000
0.493	0.000	0.000
0.529	0.000	0.000
0.564	0.000	0.000
0.599	0.000	0.000
0.634	0.000	0.000
0.669	0.000	0.000
0.704	0.000	0.000
0.739	0.000	0.000
0.774	0.000	0.000
0.809	0.000	0.000
0.844	0.000	0.000
0.879	0.000	0.000
0.914	0.000	0.000
0.949	0.000	0.000
0.984	0.000	0.000
1.019	0.000	0.000
1.054	0.000	0.000
1.089	0.000	0.000
1.124	0.000	0.000
1.159	0.000	0.000
1.194	0.000	0.000
1.229	0.000	0.000
1.264	0.000	0.000
1.299	0.000	0.000
1.334	0.000	0.000
1.369	0.000	0.000
1.404	0.000	0.000
1.440	0.000	0.000
1.475	0.000	0.000
1.510	0.000	0.000
1.545	0.000	0.000
1.580	0.000	0.000
1.615	0.000	0.000
1.650	0.000	0.000
1.685	0.000	0.000
1.720	0.000	0.000
1.755	0.000	0.000
1.790	0.000	0.000
1.825	0.000	0.000
1.860	0.000	0.000
1.896	0.000	0.000
1.931	0.000	0.000
1.966	0.000	0.000
2.001	0.000	0.000
2.036	0.000	0.000
2.072	0.000	0.000
2.108	0.000	0.000
2.143	0.000	0.000
2.178	0.000	0.000
2.213	0.000	0.000
2.248	0.000	0.000
2.283	0.000	0.000
2.318	0.000	0.000
2.353	0.000	0.000
2.388	0.000	0.000
2.423	0.000	0.000
2.459	0.000	0.000
2.494	0.000	0.000
2.529	0.000	0.000
2.564	0.000	0.000
2.599	0.000	0.000
2.635	0.000	0.000
2.670	0.000	0.000
2.705	0.000	0.000
2.740	0.000	0.000
2.775	0.000	0.000
2.810	0.000	0.000
2.845	0.000	0.000
2.880	0.000	0.000
2.915	0.000	0.000
2.950	0.000	0.000
2.985	0.000	0.000
3.020	0.000	0.000
3.055	0.000	0.000
3.090	0.000	0.000
3.125	0.000	0.000
3.160	0.000	0.000
3.195	0.000	0.000
3.230	0.000	0.000
3.265	0.000	0.000
3.300	0.000	0.000
3.335	0.000	0.000
3.371	0.000	0.000
3.406	0.000	0.000
3.441	0.000	0.000
3.476	0.000	0.000
3.511	0.000	0.000
3.546	0.000	0.000
3.581	0.000	0.000
3.616	0.000	0.000
3.651	0.000	0.000
3.686	0.000	0.000
3.721	0.000	0.000
3.756	0.000	0.000
3.791	0.000	0.000
3.826	0.000	0.000
3.861	0.000	0.000
3.896	0.000	0.000
3.931	0.000	0.000
3.966	0.000	0.000
4.001	0.000	0.000
4.036	0.000	0.000
4.071	0.000	0.000
4.106	0.000	0.000
4.141	0.000	0.000
4.176	0.000	0.000
4.211	0.000	0.000
4.246	0.000	0.000
4.281	0.000	0.000
4.316	0.000	0.000
4.351	0.000	0.000
4.386	0.000	0.000
4.421	0.000	0.000
4.456	0.000	0.000
4.491	0.000	0.000
4.527	0.000	0.000
4.562	0.000	0.000
4.597	0.000	0.000
4.632	0.000	0.000
4.667	0.000	0.000
4.702	0.000	0.000
4.738	0.000	0.000
4.773	0.000	0.000
4.809	0.000	0.000
4.844	0.000	0.000
4.879	0.000	0.000
4.914	0.000	0.000
4.949	0.200	0.000
4.984	0.200	0.000
5.019	0.200	0.000
5.054	0.200	0.001
5.089	0.200	0.003
5.124	0.200	0.004
5.160	0.200	0.005
5.196	0.200	0.006
5.231	0.200	0.007
5.267	0.200	0.008
5.302	0.200	0.009
5.337	0.200	0.009
5.373	0.200	0.010
5.409	0.200	0.011
5.444	0.200	0.012
5.479	0.200	0.012
5.515	0.200	0.013
5.550	0.200	0.013
5.585	0.200	0.013
5.620	0.200	0.013
5.655	0.200	0.014
5.690	0.200	0.013
5.726	0.200	0.013
5.761	0.200	0.013
5.796	0.200	0.013
5.831	0.200	0.013
5.866	0.200	0.013
5.901	0.200	0.013
5.936	0.200	0.014
5.972	0.200	0.014
6.007	0.200	0.013
6.042	0.200	0.014
6.077	0.200	0.014
6.112	0.200	0.014
6.148	0.200	0.014
6.183	0.200	0.013
6.218	0.200	0.013
6.253	0.200	0.013
6.288	0.200	0.013
6.323	0.200	0.013
6.358	0.200	0.013
6.393	0.200	0.013
6.428	0.200	0.013
6.463	0.200	0.013
6.498	0.200	0.013
6.533	0.200	0.013
6.568	0.200	0.013
6.603	0.200	0.014
6.638	0.200	0.014
6.673	0.200	0.013
6.708	0.200	0.013
6.743	0.200	0.014
6.778	0.200	0.014
6.813	0.200	0.013
6.848	0.200	0.013
6.883	0.200	0.013
6.918	0.200	0.013
6.953	0.200	0.013
6.988	0.200	0.012
7.023	0.200	0.012
7.058	0.200	0.012
7.094	0.200	0.011
7.129	0.200	0.011
7.165	0.200	0.011
7.201	0.200	0.011
7.236	0.200	0.011
7.271	0.200	0.012
7.307	0.200	0.012
7.342	0.200	0.011
7.377	0.200	0.012
7.412	0.200	0.012
7.448	0.200	0.011
7.483	0.200	0.012
7.518	0.200	0.012
7.554	0.200	0.012
7.589	0.200	0.012
7.624	0.200	0.012
7.660	0.200	0.012
7.695	0.200	0.012
7.731	0.200	0.012
7.766	0.200	0.012
7.801	0.200	0.012
7.836	0.200	0.013
7.871	0.200	0.013
7.906	0.200	0.013
7.941	0.200	0.013
7.976	0.200	0.013
8.011	0.200	0.014
8.047	0.200	0.014
8.082	0.200	0.014
8.117	0.200	0.014
8.152	0.200	0.014
8.187	0.200	0.014
8.222	0.200	0.013
8.257	0.200	0.013
8.292	0.200	0.013
8.328	0.200	0.012
8.363	0.200	0.011
8.398	0.200	0.011
8.433	0.200	0.010
8.469	0.200	0.009
8.504	0.200	0.009
8.539	0.200	0.009
8.574	0.200	0.009
8.609	0.200	0.008
8.644	0.200	0.008
8.679	0.200	0.008
8.714	0.200	0.008
8.749	0.200	0.008
8.785	0.200	0.009
8.820	0.200	0.009
8.855	0.200	0.009
8.890	0.200	0.009
8.925	0.200	0.010
8.960	0.200	0.010
8.995	0.200	0.010
9.030	0.200	0.010
9.065	0.200	0.010
9.100	0.200	0.010
9.135	0.200	0.011
9.170	0.200	0.011
9.206	0.200	0.011
9.241	0.200	0.011
9.276	0.200	0.011
9.311	0.200	0.012
9.346	0.200	0.012
9.381	0.200	0.012
9.416	0.200	0.012
9.452	0.200	0.013
9.488	0.200	0.013
9.523	0.200	0.013
9.558	0.200	0.013
9.593	0.200	0.014
9.629	0.200	0.014
9.664	0.200	0.014
9.699	0.200	0.014
9.735	0.200	0.014
9.770	0.200	0.014
9.805	0.200	0.014
9.840	0.200	0.014
9.875	0.200	0.014
9.910	0.200	0.014
9.946	0.200	0.013
9.981	0.200	0.013
10.016	0.200	0.013
10.052	0.200	0.013
10.087	0.200	0.013
10.122	0.200	0.013
10.157	0.200	0.013
10.192	0.200	0.013
10.228	0.200	0.013
10.263	0.200	0.013
10.298	0.200	0.013
10.333	0.200	0.012
10.368	0.200	0.012
10.403	0.200	0.012
10.438	0.200	0.012
10.473	0.200	0.012
10.509	0.200	0.012
10.545	0.200	0.012
10.580	0.200	0.012
10.616	0.200	0.012
10.652	0.200	0.012
10.703	0.200	0.012
10.739	0.200	0.012
10.774	0.200	0.012
10.809	0.200	0.013
10.844	0.200	0.013
10.879	0.200	0.013
10.914	0.200	0.013
10.949	0.200	0.012
10.984	0.200	0.013
11.019	0.200	0.013
11.055	0.200	0.012
11.090	0.200	0.012
11.125	0.200	0.012
11.160	0.200	0.012
11.195	0.200	0.012
11.230	0.200	0.012
11.265	0.200	0.011
11.300	0.200	0.011
11.335	0.200	0.011
11.371	0.200	0.010
11.406	0.200	0.010
11.442	0.200	0.009
11.477	0.200	0.009
11.512	0.200	0.009
11.547	0.200	0.010
11.582	0.200	0.010
11.618	0.200	0.010
11.653	0.200	0.010
11.688	0.200	0.011
11.723	0.200	0.011
11.758	0.200	0.011
11.793	0.200	0.011
11.828	0.200	0.011
11.863	0.200	0.011
11.898	0.200	0.011
11.933	0.200	0.011
11.968	0.200	0.011
12.003	0.200	0.011
12.038	0.200	0.011
12.073	0.200	0.011
12.108	0.200	0.011
12.143	0.200	0.012
12.178	0.200	0.012
12.213	0.200	0.012
12.248	0.200	0.012
12.284	0.200	0.012
12.319	0.200	0.013
12.354	0.200	0.013
12.389	0.200	0.013
12.424	0.200	0.013
12.459	0.200	0.014
12.494	0.200	0.014
12.529	0.200	0.014
12.565	0.200	0.014
12.600	0.200	0.014
12.635	0.200	0.014
12.670	0.200	0.013
12.705	0.200	0.013
12.740	0.200	0.013
12.776	0.200	0.013
12.811	0.200	0.013
12.846	0.200	0.013
12.881	0.200	0.013
12.916	0.200	0.013
12.951	0.200	0.013
12.986	0.200	0.014
13.021	0.200	0.014
13.056	0.200	0.013
13.091	0.200	0.014
13.127	0.200	0.014
13.162	0.200	0.014
13.198	0.200	0.014
13.233	0.200	0.014
13.268	0.200	0.014
13.303	0.200	0.014
13.338	0.200	0.014
13.373	0.200	0.014
13.408	0.200	0.014
13.443	0.200	0.014
13.479	0.200	0.014
13.514	0.200	0.015
13.549	0.200	0.015
13.584	0.200	0.015
