0.000	0.000	0.000
0.035	0.000	0.000
0.070	0.000	0.000
0.105	0.000	0.000
0.140	0.000	0.000
0.175	0.000	0.000
0.210	0.000	0.000
0.245	0.000	0.000
0.280	0.000	0.000
0.315	0.000	0.000
0.350	0.000	0.000
0.385	0.000	0.000
0.420	0.000	0.000
0.455	0.000	0.000
0.490	0.000	0.000
0.525	0.000	0.000
0.560	0.000	0.000
0.595	0.000	0.000
0.630	0.000	0.000
0.665	0.000	0.000
0.700	0.000	0.000
0.735	0.000	0.000
0.770	0.000	0.000
0.806	0.000	0.000
0.841	0.000	0.000
0.876	0.000	0.000
0.911	0.000	0.000
0.946	0.000	0.000
0.981	0.000	0.000
1.016	0.000	0.000
1.051	0.000	0.000
1.086	0.000	0.000
1.121	0.000	0.000
1.156	0.000	0.000
1.191	0.000	0.000
1.227	0.000	0.000
1.262	0.000	0.000
1.297	0.000	0.000
1.333	0.000	0.000
1.368	0.000	0.000
1.403	0.000	0.000
1.438	0.000	0.000
1.473	0.000	0.000
1.508	0.000	0.000
1.544	0.000	0.000
1.579	0.000	0.000
1.614	0.000	0.000
1.650	0.000	0.000
1.685	0.000	0.000
1.720	0.000	0.000
1.755	0.000	0.000
1.790	0.000	0.000
1.825	0.000	0.000
1.860	0.000	0.000
1.895	0.000	0.000
1.930	0.000	0.000
1.965	0.000	0.000
2.000	0.000	0.000
2.035	0.000	0.000
2.070	0.000	0.000
2.105	0.000	0.000
2.140	0.000	0.000
2.175	0.000	0.000
2.211	0.000	0.000
2.246	0.000	0.000
2.281	0.000	0.000
2.316	0.000	0.000
2.352	0.000	0.000
2.387	0.000	0.000
2.422	0.000	0.000
2.457	0.000	0.000
2.492	0.000	0.000
2.527	0.000	0.000
2.563	0.000	0.000
2.598	0.000	0.000
2.633	0.000	0.000
2.668	0.000	0.000
2.703	0.000	0.000
2.738	10.000	0.000
2.773	10.000	0.000
2.808	10.000	0.102
2.843	10.000	0.353
2.878	10.000	0.586
2.913	10.000	0.802
2.948	10.000	0.987
2.984	10.000	1.142
3.020	10.000	1.283
3.055	10.000	1.392
3.090	10.000	1.500
3.125	10.000	1.585
3.160	10.000	1.660
3.195	10.000	1.719
3.230	10.000	1.775
3.265	10.000	1.823
3.301	10.000	1.859
3.336	10.000	1.902
3.371	10.000	1.931
3.406	10.000	1.952
3.441	10.000	1.972
3.477	10.000	1.991
3.513	10.000	2.008
3.548	10.000	2.025
3.583	10.000	2.036
3.618	10.000	2.043
3.653	10.000	2.052
3.689	10.000	2.060
3.724	10.000	2.067
3.759	10.000	2.074
3.795	10.000	2.083
3.830	10.000	2.091
3.866	10.000	2.087
3.902	10.000	2.088
3.937	10.000	2.096
3.972	10.000	2.100
4.007	10.000	2.100
4.043	10.000	2.098
4.078	10.000	2.098
4.113	10.000	2.101
4.148	10.000	2.107
4.184	10.000	2.105
4.220	10.000	2.101
4.255	10.000	2.103
4.290	10.000	2.110
4.325	10.000	2.109
4.360	10.000	2.112
4.395	10.000	2.105
4.431	10.000	2.105
4.466	10.000	2.114
4.501	10.000	2.110
4.536	10.000	2.112
4.573	10.000	2.106
4.608	10.000	2.106
4.644	10.000	2.113
4.679	10.000	2.107
4.715	10.000	2.109
4.751	10.000	2.109
4.786	10.000	2.110
4.821	10.000	2.109
4.856	10.000	2.113
4.891	10.000	2.113
4.926	10.000	2.112
4.962	10.000	2.111
4.998	10.000	2.114
5.033	10.000	2.109
5.068	10.000	2.109
5.103	10.000	2.116
5.138	10.000	2.108
5.173	10.000	2.113
5.208	10.000	2.112
5.243	10.000	2.111
5.279	10.000	2.105
5.314	10.000	2.108
5.349	10.000	2.106
5.384	10.000	2.109
5.419	10.000	2.107
5.454	10.000	2.110
5.489	10.000	2.108
5.524	10.000	2.110
5.559	10.000	2.109
5.594	10.000	2.110
5.630	10.000	2.110
5.666	10.000	2.117
5.701	10.000	2.109
5.736	10.000	2.117
5.771	10.000	2.116
5.806	10.000	2.116
5.841	10.000	2.107
5.876	10.000	2.115
5.911	10.000	2.116
5.946	10.000	2.114
5.981	10.000	2.107
6.016	10.000	2.112
6.051	10.000	2.114
6.086	10.000	2.114
6.121	10.000	2.113
6.157	10.000	2.113
6.192	10.000	2.106
6.228	10.000	2.113
6.263	10.000	2.108
6.298	10.000	2.108
6.333	10.000	2.114
6.368	10.000	2.111
6.403	10.000	2.110
6.438	10.000	2.114
6.473	10.000	2.114
6.508	10.000	2.107
6.543	10.000	2.114
6.578	10.000	2.107
6.613	10.000	2.111
6.648	10.000	2.115
6.683	10.000	2.111
6.718	10.000	2.109
6.753	10.000	2.111
6.789	10.000	2.110
6.824	10.000	2.105
6.859	10.000	2.106
6.894	10.000	2.110
6.929	10.000	2.115
6.964	10.000	2.114
6.999	10.000	2.116
7.034	10.000	2.112
7.069	10.000	2.107
7.104	10.000	2.108
7.140	10.000	2.109
7.175	10.000	2.109
7.210	10.000	2.111
7.245	10.000	2.112
7.280	10.000	2.115
7.315	10.000	2.113
7.350	10.000	2.110
7.385	10.000	2.116
7.420	10.000	2.110
7.455	10.000	2.118
7.490	10.000	2.116
7.525	10.000	2.115
7.560	10.000	2.109
7.595	10.000	2.115
7.630	10.000	2.116
7.665	10.000	2.113
7.700	10.000	2.114
7.735	10.000	2.111
7.770	10.000	2.112
7.805	10.000	2.115
7.840	10.000	2.116
7.875	10.000	2.113
7.910	10.000	2.114
7.945	10.000	2.109
7.980	10.000	2.109
8.015	10.000	2.109
8.050	10.000	2.109
8.085	10.000	2.115
8.120	10.000	2.117
8.155	10.000	2.114
8.190	10.000	2.115
8.225	10.000	2.115
8.260	10.000	2.116
8.295	10.000	2.112
8.330	10.000	2.112
8.365	10.000	2.111
8.400	10.000	2.113
8.435	10.000	2.110
8.470	10.000	2.111
8.505	10.000	2.109
8.540	10.000	2.110
8.575	10.000	2.109
8.610	10.000	2.109
8.645	10.000	2.115
8.681	10.000	2.117
8.716	10.000	2.116
8.753	10.000	2.110
8.788	10.000	2.108
8.823	10.000	2.114
8.858	10.000	2.116
8.893	10.000	2.117
8.928	10.000	2.108
8.963	10.000	2.110
8.998	10.000	2.113
9.034	10.000	2.112
9.069	10.000	2.110
9.105	10.000	2.111
9.140	10.000	2.117
9.175	10.000	2.116
9.210	10.000	2.116
9.246	10.000	2.114
9.281	10.000	2.106
9.317	10.000	2.107
9.352	10.000	2.115
9.387	10.000	2.113
9.423	10.000	2.107
9.458	10.000	2.108
9.493	10.000	2.111
9.528	10.000	2.112
9.564	10.000	2.112
9.600	10.000	2.109
9.635	10.000	2.117
9.670	10.000	2.110
9.705	10.000	2.114
9.740	10.000	2.116
9.776	10.000	2.109
9.812	10.000	2.109
9.847	10.000	2.112
9.882	10.000	2.117
9.918	10.000	2.113
9.953	10.000	2.118
9.988	10.000	2.109
10.023	10.000	2.112
10.058	10.000	2.108
10.093	10.000	2.115
10.128	10.000	2.109
10.164	10.000	2.114
10.199	10.000	2.115
10.235	10.000	2.112
10.270	10.000	2.114
10.305	10.000	2.114
10.340	10.000	2.114
10.376	10.000	2.113
10.412	10.000	2.107
10.447	10.000	2.114
10.482	10.000	2.113
10.517	10.000	2.114
10.552	10.000	2.110
10.588	10.000	2.112
10.623	10.000	2.114
10.658	10.000	2.110
10.693	10.000	2.111
10.728	10.000	2.109
10.763	10.000	2.108
10.798	10.000	2.106
10.833	10.000	2.107
10.869	10.000	2.109
10.904	10.000	2.112
10.939	10.000	2.106
10.974	10.000	2.113
11.009	10.000	2.108
11.044	10.000	2.108
11.079	10.000	2.115
11.114	10.000	2.116
11.150	10.000	2.108
11.185	10.000	2.111
11.220	10.000	2.110
11.255	10.000	2.112
11.290	10.000	2.117
11.325	10.000	2.118
11.360	10.000	2.111
11.395	10.000	2.115
11.431	10.000	2.117
11.466	10.000	2.109
11.501	10.000	2.110
11.536	10.000	2.115
11.571	10.000	2.111
11.606	10.000	2.113
11.641	10.000	2.114
11.677	10.000	2.112
11.712	10.000	2.113
11.747	10.000	2.115
11.782	10.000	2.116
11.817	10.000	2.112
11.853	10.000	2.111
11.888	10.000	2.111
11.923	10.000	2.119
11.959	10.000	2.111
11.995	10.000	2.113
12.030	10.000	2.111
12.065	10.000	2.117
12.100	10.000	2.111
12.135	10.000	2.112
12.170	10.000	2.115
12.205	10.000	2.117
12.240	10.000	2.110
12.275	10.000	2.113
12.310	10.000	2.114
12.345	10.000	2.114
12.380	10.000	2.113
12.415	10.000	2.112
12.450	10.000	2.113
12.485	10.000	2.113
12.520	10.000	2.115
12.555	10.000	2.107
12.591	10.000	2.111
12.626	10.000	2.111
12.661	10.000	2.111
12.696	10.000	2.115
12.731	10.000	2.115
12.766	10.000	2.108
12.802	10.000	2.109
12.837	10.000	2.112
12.872	10.000	2.109
12.907	10.000	2.116
12.942	10.000	2.109
12.978	10.000	2.116
13.013	10.000	2.110
13.048	10.000	2.110
13.085	10.000	2.114
13.120	10.000	2.111
13.157	10.000	2.113
13.192	10.000	2.111
13.227	10.000	2.113
13.262	10.000	2.113
13.297	10.000	2.113
13.332	10.000	2.110
13.367	10.000	2.110
13.402	10.000	2.115
13.437	10.000	2.108
13.472	10.000	2.114
13.507	10.000	2.115
13.542	10.000	2.115
13.577	10.000	2.114
13.612	10.000	2.110
13.648	10.000	2.116
13.683	10.000	2.108
13.718	10.000	2.115
13.753	10.000	2.115
13.788	10.000	2.111
13.823	10.000	2.109
13.858	10.000	2.113
13.893	10.000	2.113
13.928	10.000	2.109
13.964	10.000	2.111
13.999	10.000	2.116
14.035	10.000	2.117
14.071	10.000	2.110
14.107	10.000	2.112
14.142	10.000	2.115
14.178	10.000	2.115
14.213	10.000	2.110
14.248	10.000	2.114
14.283	10.000	2.115
14.318	10.000	2.119
14.354	10.000	2.118
14.389	10.000	2.115
14.424	10.000	2.117
14.459	10.000	2.109
14.494	10.000	2.109
14.529	10.000	2.116
14.564	10.000	2.115
14.599	10.000	2.116
14.635	10.000	2.115
14.670	10.000	2.114
14.706	10.000	2.115
14.742	10.000	2.107
14.777	10.000	2.113
14.812	10.000	2.107
14.847	10.000	2.107
14.882	10.000	2.112
14.917	10.000	2.110
14.952	10.000	2.112
14.987	10.000	2.110
15.022	10.000	2.110
15.057	10.000	2.113
15.092	10.000	2.113
15.127	10.000	2.114
15.162	10.000	2.108
15.197	10.000	2.114
15.233	10.000	2.115
15.268	10.000	2.114
15.304	10.000	2.115
15.339	10.000	2.108
15.374	10.000	2.117
15.409	10.000	2.108
15.444	10.000	2.115
15.479	10.000	2.108
15.514	10.000	2.111
15.549	10.000	2.118
15.584	10.000	2.112
15.619	10.000	2.109
15.654	10.000	2.111
15.690	10.000	2.110
15.725	10.000	2.113
15.760	10.000	2.113
15.795	10.000	2.116
15.830	10.000	2.109
15.865	10.000	2.115
15.900	10.000	2.109
15.935	10.000	2.115
15.970	10.000	2.118
16.005	10.000	2.117
16.040	10.000	2.116
16.075	10.000	2.109
16.110	10.000	2.114
16.145	10.000	2.114
16.180	10.000	2.113
16.216	10.000	2.116
16.252	10.000	2.107
