0.000	0.000	0.000
0.035	0.000	0.000
0.071	0.000	0.000
0.106	0.000	0.000
0.141	0.000	0.000
0.176	0.000	0.000
0.211	0.000	0.000
0.246	0.000	0.000
0.282	0.000	0.000
0.317	0.000	0.000
0.352	0.000	0.000
0.388	0.000	0.000
0.424	0.000	0.000
0.459	0.000	0.000
0.494	0.000	0.000
0.529	0.000	0.000
0.564	0.000	0.000
0.599	0.000	0.000
0.634	0.000	0.000
0.669	0.000	0.000
0.704	0.000	0.000
0.740	0.000	0.000
0.775	0.000	0.000
0.810	0.000	0.000
0.845	0.000	0.000
0.880	0.000	0.000
0.915	0.000	0.000
0.950	0.000	0.000
0.985	0.000	0.000
1.021	0.000	0.000
1.056	0.000	0.000
1.091	0.000	0.000
1.126	0.000	0.000
1.161	0.000	0.000
1.196	0.000	0.000
1.231	0.000	0.000
1.266	0.000	0.000
1.301	0.000	0.000
1.336	0.000	0.000
1.372	0.000	0.000
1.408	0.000	0.000
1.443	0.000	0.000
1.478	0.000	0.000
1.513	0.000	0.000
1.548	0.000	0.000
1.583	0.000	0.000
1.618	0.000	0.000
1.654	0.000	0.000
1.689	0.000	0.000
1.724	0.000	0.000
1.759	0.000	0.000
1.794	0.000	0.000
1.830	0.000	0.000
1.866	0.000	0.000
1.902	0.000	0.000
1.938	0.000	0.000
1.973	0.000	0.000
2.010	0.000	0.000
2.045	0.000	0.000
2.080	0.000	0.000
2.115	0.000	0.000
2.151	0.000	0.000
2.186	0.000	0.000
2.221	0.000	0.000
2.256	0.000	0.000
2.291	0.000	0.000
2.326	0.000	0.000
2.362	0.000	0.000
2.399	0.000	0.000
2.434	0.000	0.000
2.470	0.000	0.000
2.505	0.000	0.000
2.541	0.000	0.000
2.576	0.000	0.000
2.611	0.000	0.000
2.646	0.000	0.000
2.682	0.000	0.000
2.717	0.000	0.000
2.752	0.000	0.000
2.788	0.000	0.000
2.823	0.000	0.000
2.858	0.000	0.000
2.893	0.000	0.000
2.928	0.000	0.000
2.963	0.000	0.000
2.999	0.000	0.000
3.034	0.000	0.000
3.070	0.000	0.000
3.105	0.000	0.000
3.141	0.000	0.000
3.176	0.000	0.000
3.211	0.000	0.000
3.246	0.000	0.000
3.281	0.000	0.000
3.316	0.000	0.000
3.352	0.000	0.000
3.388	0.000	0.000
3.423	0.000	0.000
3.458	0.000	0.000
3.493	0.000	0.000
3.528	0.000	0.000
3.563	0.000	0.000
3.598	0.000	0.000
3.633	0.000	0.000
3.668	0.000	0.000
3.703	0.000	0.000
3.738	0.000	0.000
3.773	0.000	0.000
3.808	0.000	0.000
3.843	0.000	0.000
3.878	0.000	0.000
3.914	0.000	0.000
3.949	0.000	0.000
3.984	0.000	0.000
4.019	0.000	0.000
4.054	0.000	0.000
4.090	0.000	0.000
4.125	0.000	0.000
4.161	0.000	0.000
4.197	0.000	0.000
4.233	0.000	0.000
4.269	0.000	0.000
4.304	0.000	0.000
4.339	0.000	0.000
4.374	0.000	0.000
4.410	0.000	0.000
4.445	0.000	0.000
4.481	0.000	0.000
4.516	0.000	0.000
4.551	0.000	0.000
4.586	0.000	0.000
4.621	0.000	0.000
4.656	0.000	0.000
4.692	0.000	0.000
4.727	0.000	0.000
4.762	0.000	0.000
4.797	0.000	0.000
4.832	0.000	0.000
4.868	-10.000	0.000
4.903	-10.000	0.000
4.938	-10.000	-0.100
4.973	-10.000	-0.349
5.008	-10.000	-0.593
5.043	-10.000	-0.807
5.078	-10.000	-0.993
5.113	-10.000	-1.152
5.148	-10.000	-1.286
5.183	-10.000	-1.400
5.219	-10.000	-1.498
5.254	-10.000	-1.592
5.289	-10.000	-1.666
5.324	-10.000	-1.726
5.360	-10.000	-1.780
5.396	-10.000	-1.823
5.431	-10.000	-1.867
5.466	-10.000	-1.904
5.501	-10.000	-1.933
5.536	-10.000	-1.961
5.571	-10.000	-1.983
5.606	-10.000	-2.003
5.641	-10.000	-2.018
5.676	-10.000	-2.035
5.712	-10.000	-2.039
5.747	-10.000	-2.051
5.782	-10.000	-2.063
5.818	-10.000	-2.070
5.853	-10.000	-2.080
5.888	-10.000	-2.082
5.923	-10.000	-2.089
5.958	-10.000	-2.096
5.993	-10.000	-2.096
6.028	-10.000	-2.101
6.063	-10.000	-2.107
6.099	-10.000	-2.101
6.134	-10.000	-2.104
6.170	-10.000	-2.106
6.206	-10.000	-2.115
6.241	-10.000	-2.107
6.276	-10.000	-2.116
6.311	-10.000	-2.114
6.346	-10.000	-2.114
6.381	-10.000	-2.113
6.416	-10.000	-2.116
6.452	-10.000	-2.111
6.487	-10.000	-2.118
6.522	-10.000	-2.117
6.558	-10.000	-2.116
6.594	-10.000	-2.116
6.630	-10.000	-2.111
6.666	-10.000	-2.119
6.701	-10.000	-2.112
6.736	-10.000	-2.121
6.773	-10.000	-2.117
6.808	-10.000	-2.112
6.843	-10.000	-2.115
6.878	-10.000	-2.113
6.913	-10.000	-2.120
6.949	-10.000	-2.116
6.984	-10.000	-2.117
7.019	-10.000	-2.117
7.054	-10.000	-2.116
7.090	-10.000	-2.116
7.125	-10.000	-2.113
7.160	-10.000	-2.115
7.195	-10.000	-2.120
7.231	-10.000	-2.117
7.266	-10.000	-2.120
7.301	-10.000	-2.117
7.336	-10.000	-2.118
7.371	-10.000	-2.117
7.406	-10.000	-2.119
7.442	-10.000	-2.117
7.477	-10.000	-2.119
7.512	-10.000	-2.114
7.548	-10.000	-2.115
7.583	-10.000	-2.116
7.618	-10.000	-2.119
7.653	-10.000	-2.117
7.688	-10.000	-2.115
7.724	-10.000	-2.118
7.759	-10.000	-2.113
7.794	-10.000	-2.119
7.830	-10.000	-2.115
7.865	-10.000	-2.115
7.900	-10.000	-2.116
7.936	-10.000	-2.118
7.972	-10.000	-2.115
8.007	-10.000	-2.111
8.042	-10.000	-2.117
8.078	-10.000	-2.116
8.114	-10.000	-2.117
8.150	-10.000	-2.112
8.186	-10.000	-2.121
8.221	-10.000	-2.119
8.256	-10.000	-2.120
8.292	-10.000	-2.114
8.328	-10.000	-2.113
8.364	-10.000	-2.119
8.400	-10.000	-2.113
8.436	-10.000	-2.114
8.471	-10.000	-2.117
8.506	-10.000	-2.118
8.542	-10.000	-2.120
8.577	-10.000	-2.114
8.613	-10.000	-2.122
8.648	-10.000	-2.114
8.684	-10.000	-2.119
8.719	-10.000	-2.121
8.754	-10.000	-2.115
8.790	-10.000	-2.117
8.825	-10.000	-2.114
8.860	-10.000	-2.114
8.896	-10.000	-2.121
8.931	-10.000	-2.114
8.967	-10.000	-2.114
9.003	-10.000	-2.116
9.038	-10.000	-2.120
9.073	-10.000	-2.119
9.108	-10.000	-2.119
9.143	-10.000	-2.114
9.178	-10.000	-2.117
9.214	-10.000	-2.116
9.249	-10.000	-2.112
9.284	-10.000	-2.122
9.319	-10.000	-2.113
9.354	-10.000	-2.117
9.390	-10.000	-2.114
9.425	-10.000	-2.110
9.461	-10.000	-2.113
9.496	-10.000	-2.112
9.532	-10.000	-2.114
9.568	-10.000	-2.113
9.603	-10.000	-2.120
9.638	-10.000	-2.114
9.673	-10.000	-2.117
9.708	-10.000	-2.119
9.743	-10.000	-2.117
9.778	-10.000	-2.113
9.813	-10.000	-2.115
9.848	-10.000	-2.115
9.884	-10.000	-2.116
9.919	-10.000	-2.113
9.954	-10.000	-2.115
9.991	-10.000	-2.116
10.026	-10.000	-2.113
10.061	-10.000	-2.119
10.096	-10.000	-2.121
10.132	-10.000	-2.118
10.167	-10.000	-2.122
10.202	-10.000	-2.113
10.237	-10.000	-2.114
10.273	-10.000	-2.122
10.308	-10.000	-2.112
10.343	-10.000	-2.117
10.378	-10.000	-2.117
10.413	-10.000	-2.118
10.448	-10.000	-2.119
10.483	-10.000	-2.116
10.518	-10.000	-2.118
10.553	-10.000	-2.117
10.588	-10.000	-2.120
10.623	-10.000	-2.117
10.658	-10.000	-2.113
10.694	-10.000	-2.119
10.729	-10.000	-2.113
10.764	-10.000	-2.113
10.799	-10.000	-2.120
10.834	-10.000	-2.115
10.869	-10.000	-2.116
10.904	-10.000	-2.122
10.940	-10.000	-2.113
10.975	-10.000	-2.121
11.011	-10.000	-2.115
11.046	-10.000	-2.114
11.081	-10.000	-2.116
11.116	-10.000	-2.117
11.152	-10.000	-2.118
11.187	-10.000	-2.115
11.222	-10.000	-2.121
11.257	-10.000	-2.118
11.292	-10.000	-2.119
11.328	-10.000	-2.120
11.363	-10.000	-2.117
11.398	-10.000	-2.114
11.433	-10.000	-2.116
11.468	-10.000	-2.118
11.503	-10.000	-2.117
11.539	-10.000	-2.120
11.574	-10.000	-2.112
11.609	-10.000	-2.118
11.644	-10.000	-2.118
11.679	-10.000	-2.120
11.714	-10.000	-2.120
11.750	-10.000	-2.117
11.785	-10.000	-2.112
11.821	-10.000	-2.115
11.856	-10.000	-2.111
11.892	-10.000	-2.112
11.927	-10.000	-2.114
11.962	-10.000	-2.117
11.997	-10.000	-2.117
12.033	-10.000	-2.118
12.068	-10.000	-2.111
12.103	-10.000	-2.117
12.139	-10.000	-2.118
12.174	-10.000	-2.117
12.209	-10.000	-2.118
12.244	-10.000	-2.117
12.279	-10.000	-2.112
12.314	-10.000	-2.119
12.350	-10.000	-2.116
12.385	-10.000	-2.113
12.420	-10.000	-2.113
12.455	-10.000	-2.113
12.491	-10.000	-2.121
12.526	-10.000	-2.115
12.561	-10.000	-2.115
12.596	-10.000	-2.115
12.632	-10.000	-2.117
12.668	-10.000	-2.114
12.703	-10.000	-2.115
12.738	-10.000	-2.117
12.773	-10.000	-2.115
12.808	-10.000	-2.123
12.844	-10.000	-2.122
12.880	-10.000	-2.113
12.916	-10.000	-2.114
12.951	-10.000	-2.121
12.986	-10.000	-2.117
13.021	-10.000	-2.117
13.056	-10.000	-2.117
13.091	-10.000	-2.119
13.126	-10.000	-2.114
13.161	-10.000	-2.114
13.196	-10.000	-2.116
